# Blender v2.92.0 OBJ File: 'Player.blend'
# www.blender.org
mtllib Player.mtl
o LeftShoose_Cube
v 0.412896 0.427013 -0.348975
v 0.412896 -0.143055 -0.348975
v 1.214638 0.427013 -0.296932
v 1.214638 -0.143055 -0.296932
v 0.330576 0.427013 0.919195
v 0.330576 -0.143055 0.919195
v 1.132318 0.427013 0.971238
v 1.132318 -0.143055 0.971238
vt 0.875000 0.500000
vt 0.625000 0.750000
vt 0.625000 0.500000
vt 0.375000 1.000000
vt 0.375000 0.750000
vt 0.625000 0.000000
vt 0.375000 0.250000
vt 0.375000 0.000000
vt 0.375000 0.500000
vt 0.125000 0.750000
vt 0.125000 0.500000
vt 0.625000 0.250000
vt 0.875000 0.750000
vt 0.625000 1.000000
vn 0.0000 1.0000 0.0000
vn 0.9979 0.0000 0.0648
vn -0.0648 0.0000 0.9979
vn 0.0000 -1.0000 0.0000
vn 0.0648 0.0000 -0.9979
vn -0.9979 0.0000 -0.0648
usemtl Shoosecolor
s off
f 5/1/1 3/2/1 1/3/1
f 3/2/2 8/4/2 4/5/2
f 7/6/3 6/7/3 8/8/3
f 2/9/4 8/10/4 6/11/4
f 1/3/5 4/5/5 2/9/5
f 5/12/6 2/9/6 6/7/6
f 5/1/1 7/13/1 3/2/1
f 3/2/2 7/14/2 8/4/2
f 7/6/3 5/12/3 6/7/3
f 2/9/4 4/5/4 8/10/4
f 1/3/5 3/2/5 4/5/5
f 5/12/6 1/3/6 2/9/6
o body_Cube.001
v -0.721877 4.307541 -0.798790
v -0.721877 1.408611 -0.798790
v 1.143278 4.307541 -0.677718
v 1.143278 1.408611 -0.677718
v -0.815167 4.307541 0.638382
v -0.815167 1.408611 0.638382
v 1.049988 4.307541 0.759454
v 1.049988 1.408611 0.759454
vt 0.875000 0.500000
vt 0.625000 0.750000
vt 0.625000 0.500000
vt 0.375000 1.000000
vt 0.375000 0.750000
vt 0.625000 0.000000
vt 0.375000 0.250000
vt 0.375000 0.000000
vt 0.375000 0.500000
vt 0.125000 0.750000
vt 0.125000 0.500000
vt 0.625000 0.250000
vt 0.875000 0.750000
vt 0.625000 1.000000
vn 0.0000 1.0000 0.0000
vn 0.9979 0.0000 0.0648
vn -0.0648 0.0000 0.9979
vn 0.0000 -1.0000 0.0000
vn 0.0648 0.0000 -0.9979
vn -0.9979 0.0000 -0.0648
usemtl bodycolor
s off
f 13/15/7 11/16/7 9/17/7
f 11/16/8 16/18/8 12/19/8
f 15/20/9 14/21/9 16/22/9
f 10/23/10 16/24/10 14/25/10
f 9/17/11 12/19/11 10/23/11
f 13/26/12 10/23/12 14/21/12
f 13/15/7 15/27/7 11/16/7
f 11/16/8 15/28/8 16/18/8
f 15/20/9 13/26/9 14/21/9
f 10/23/10 12/19/10 16/24/10
f 9/17/11 11/16/11 12/19/11
f 13/26/12 9/17/12 10/23/12
o leftleg_Cube.002
v 0.614315 1.605482 -0.295750
v 0.614315 -0.123203 -0.295750
v 1.049014 1.605482 -0.267533
v 1.049014 -0.123203 -0.267533
v 0.574844 1.605482 0.312307
v 0.574844 -0.123203 0.312307
v 1.009544 1.605482 0.340524
v 1.009544 -0.123203 0.340524
vt 0.875000 0.500000
vt 0.625000 0.750000
vt 0.625000 0.500000
vt 0.375000 1.000000
vt 0.375000 0.750000
vt 0.625000 0.000000
vt 0.375000 0.250000
vt 0.375000 0.000000
vt 0.375000 0.500000
vt 0.125000 0.750000
vt 0.125000 0.500000
vt 0.625000 0.250000
vt 0.875000 0.750000
vt 0.625000 1.000000
vn 0.0000 1.0000 0.0000
vn 0.9979 0.0000 0.0648
vn -0.0648 0.0000 0.9979
vn 0.0000 -1.0000 -0.0000
vn 0.0648 0.0000 -0.9979
vn -0.9979 0.0000 -0.0648
usemtl legcolor
s off
f 21/29/13 19/30/13 17/31/13
f 19/30/14 24/32/14 20/33/14
f 23/34/15 22/35/15 24/36/15
f 18/37/16 24/38/16 22/39/16
f 17/31/17 20/33/17 18/37/17
f 21/40/18 18/37/18 22/35/18
f 21/29/13 23/41/13 19/30/13
f 19/30/14 23/42/14 24/32/14
f 23/34/15 21/40/15 22/35/15
f 18/37/16 20/33/16 24/38/16
f 17/31/17 19/30/17 20/33/17
f 21/40/18 17/31/18 18/37/18
o Rightlegs_Cube.003
v -0.675862 1.657129 -0.379499
v -0.675862 -0.071557 -0.379499
v -0.241163 1.657129 -0.351281
v -0.241163 -0.071557 -0.351281
v -0.715333 1.657129 0.228558
v -0.715333 -0.071557 0.228558
v -0.280633 1.657129 0.256776
v -0.280633 -0.071557 0.256776
vt 0.875000 0.500000
vt 0.625000 0.750000
vt 0.625000 0.500000
vt 0.375000 1.000000
vt 0.375000 0.750000
vt 0.625000 0.000000
vt 0.375000 0.250000
vt 0.375000 0.000000
vt 0.375000 0.500000
vt 0.125000 0.750000
vt 0.125000 0.500000
vt 0.625000 0.250000
vt 0.875000 0.750000
vt 0.625000 1.000000
vn 0.0000 1.0000 -0.0000
vn 0.9979 0.0000 0.0648
vn -0.0648 0.0000 0.9979
vn 0.0000 -1.0000 0.0000
vn 0.0648 0.0000 -0.9979
vn -0.9979 0.0000 -0.0648
usemtl legcolor
s off
f 29/43/19 27/44/19 25/45/19
f 27/44/20 32/46/20 28/47/20
f 31/48/21 30/49/21 32/50/21
f 26/51/22 32/52/22 30/53/22
f 25/45/23 28/47/23 26/51/23
f 29/54/24 26/51/24 30/49/24
f 29/43/19 31/55/19 27/44/19
f 27/44/20 31/56/20 32/46/20
f 31/48/21 29/54/21 30/49/21
f 26/51/22 28/47/22 32/52/22
f 25/45/23 27/44/23 28/47/23
f 29/54/24 25/45/24 26/51/24
o RightArm_Cube.004
v 0.959884 3.518523 -0.487769
v 1.823056 2.021811 -0.431739
v 1.336251 3.736493 -0.463338
v 2.199423 2.239780 -0.407308
v 0.920414 3.518523 0.120288
v 1.783586 2.021811 0.176318
v 1.296781 3.736493 0.144719
v 2.159953 2.239780 0.200749
vt 0.875000 0.500000
vt 0.625000 0.750000
vt 0.625000 0.500000
vt 0.375000 1.000000
vt 0.375000 0.750000
vt 0.625000 0.000000
vt 0.375000 0.250000
vt 0.375000 0.000000
vt 0.375000 0.500000
vt 0.125000 0.750000
vt 0.125000 0.500000
vt 0.625000 0.250000
vt 0.875000 0.750000
vt 0.625000 1.000000
vn -0.4993 0.8658 -0.0324
vn 0.8640 0.5004 0.0561
vn -0.0648 -0.0000 0.9979
vn 0.4993 -0.8658 0.0324
vn 0.0648 0.0000 -0.9979
vn -0.8640 -0.5004 -0.0561
usemtl hadaclor
s off
f 37/57/25 35/58/25 33/59/25
f 35/58/26 40/60/26 36/61/26
f 39/62/27 38/63/27 40/64/27
f 34/65/28 40/66/28 38/67/28
f 33/59/29 36/61/29 34/65/29
f 37/68/30 34/65/30 38/63/30
f 37/57/25 39/69/25 35/58/25
f 35/58/26 39/70/26 40/60/26
f 39/62/27 37/68/27 38/63/27
f 34/65/28 36/61/28 40/66/28
f 33/59/29 35/58/29 36/61/29
f 37/68/30 33/59/30 34/65/30
o LeftArm_Cube.005
v -1.040631 3.648483 -0.617628
v -2.249259 2.415025 -0.696083
v -0.730463 3.343278 -0.597494
v -1.939090 2.109820 -0.675949
v -1.080102 3.648483 -0.009571
v -2.288729 2.415025 -0.088026
v -0.769934 3.343278 0.010563
v -1.978561 2.109820 -0.067892
vt 0.875000 0.500000
vt 0.625000 0.750000
vt 0.625000 0.500000
vt 0.375000 1.000000
vt 0.375000 0.750000
vt 0.625000 0.000000
vt 0.375000 0.250000
vt 0.375000 0.000000
vt 0.375000 0.500000
vt 0.125000 0.750000
vt 0.125000 0.500000
vt 0.625000 0.250000
vt 0.875000 0.750000
vt 0.625000 1.000000
vn 0.6992 0.7135 0.0454
vn 0.7120 -0.7006 0.0462
vn -0.0648 0.0000 0.9979
vn -0.6992 -0.7135 -0.0454
vn 0.0648 0.0000 -0.9979
vn -0.7120 0.7006 -0.0462
usemtl hadaclor
s off
f 45/71/31 43/72/31 41/73/31
f 43/72/32 48/74/32 44/75/32
f 47/76/33 46/77/33 48/78/33
f 42/79/34 48/80/34 46/81/34
f 41/73/35 44/75/35 42/79/35
f 45/82/36 42/79/36 46/77/36
f 45/71/31 47/83/31 43/72/31
f 43/72/32 47/84/32 48/74/32
f 47/76/33 45/82/33 46/77/33
f 42/79/34 44/75/34 48/80/34
f 41/73/35 43/72/35 44/75/35
f 45/82/36 41/73/36 42/79/36
o Face_Cube.006
v -0.721877 5.128758 -0.798790
v -0.721877 4.324881 -0.798790
v 1.143278 5.122787 -0.677718
v 1.143278 4.324881 -0.677718
v -0.815167 5.098478 0.638382
v -0.815167 4.324881 0.638382
v 1.047434 5.092761 0.759288
v 1.049988 4.324881 0.759454
v -0.261553 5.128758 -0.768909
v 0.716896 5.122787 -0.705395
v -0.252178 5.386259 -0.768300
v 0.700576 5.386259 -0.706455
v 0.583699 5.334087 0.729186
v -0.328856 5.324802 0.669950
v -0.330559 5.090979 0.669839
v 0.592378 5.103113 0.729749
vt 0.625000 0.666667
vt 0.875000 0.718750
vt 0.875000 0.750000
vt 0.625000 0.750000
vt 0.375000 0.750000
vt 0.625000 1.000000
vt 0.375000 1.000000
vt 0.625000 0.031250
vt 0.625000 0.125000
vt 0.625000 0.187500
vt 0.375000 0.500000
vt 0.125000 0.750000
vt 0.125000 0.500000
vt 0.625000 0.583333
vt 0.625000 0.250000
vt 0.375000 0.250000
vt 0.875000 0.625000
vt 0.625000 0.611111
vt 0.875000 0.687500
vt 0.625000 0.638889
vt 0.875000 0.500000
vt 0.625000 0.500000
vt 0.875000 0.562500
vt 0.375000 0.000000
vt 0.625000 0.000000
vt 0.625000 0.062500
vn 0.0106 0.9998 0.0181
vn 0.9979 0.0033 0.0648
vn -0.0648 -0.0000 0.9979
vn 0.0000 -1.0000 0.0000
vn 0.0648 0.0000 -0.9979
vn -0.9979 0.0000 -0.0648
vn -0.9980 0.0365 -0.0516
vn -0.0023 0.9993 0.0361
vn -0.0014 0.9998 0.0210
vn 0.9946 0.0619 0.0832
vn -0.9988 0.0073 -0.0477
vn -0.0129 0.9990 0.0420
vn 0.0137 0.9995 0.0269
vn 0.9955 0.0376 0.0869
vn 0.9978 0.0000 0.0665
usemtl hadaclor
s off
f 58/85/37 64/86/37 55/87/37 51/88/37
f 52/89/38 55/90/38 56/91/38
f 64/92/39 62/93/39 63/94/39
f 50/95/40 56/96/40 54/97/40
f 57/98/41 58/85/41 52/89/41
f 53/99/42 50/95/42 54/100/42
f 57/98/43 62/101/43 59/102/43
f 59/102/44 61/103/44 60/104/44
f 53/105/45 57/98/45 49/106/45
f 61/103/46 58/85/46 60/104/46
f 50/95/40 52/89/40 56/96/40
f 52/89/41 50/95/41 57/98/41
f 50/95/41 49/106/41 57/98/41
f 57/98/41 59/102/41 60/104/41
f 58/85/41 51/88/41 52/89/41
f 57/98/41 60/104/41 58/85/41
f 53/99/42 49/106/42 50/95/42
f 57/98/47 63/107/47 62/101/47
f 59/102/48 62/101/48 61/103/48
f 53/105/49 63/107/49 57/98/49
f 61/103/50 64/86/50 58/85/50
f 54/100/39 56/108/39 63/94/39
f 56/108/39 55/109/39 64/92/39
f 64/92/39 61/110/39 62/93/39
f 56/108/39 64/92/39 63/94/39
f 63/94/39 53/99/39 54/100/39
f 52/89/51 51/88/51 55/90/51
o Hear_Cube.007
v -0.721877 6.218964 -0.798790
v -0.721877 5.130012 -0.798790
v 1.143278 6.212993 -0.677718
v 1.143278 5.124204 -0.677718
v -0.815167 6.188684 0.638382
v -0.815167 5.114287 0.638382
v 1.047434 6.182967 0.759288
v 1.049988 5.095658 0.759454
v -0.261553 6.218964 -0.768909
v 0.716896 6.212993 -0.705395
v -0.252178 6.227327 -0.768300
v 0.700576 6.216442 -0.706455
v 0.583699 6.198786 0.729186
v -0.328856 6.188570 0.669950
v -0.330559 6.181185 0.669839
v 0.592378 6.193319 0.729749
v -0.336110 5.103352 0.669479
v -0.334189 5.330690 0.669603
v 0.583463 5.333304 0.729170
v 0.592475 5.109457 0.716822
v 0.721054 5.122221 -0.705125
v 0.704005 5.386665 -0.708397
v -0.250054 5.384436 -0.768162
v -0.247932 5.132247 -0.768731
vt 0.625000 0.666667
vt 0.875000 0.750000
vt 0.625000 0.750000
vt 0.375000 0.750000
vt 0.625000 1.000000
vt 0.375000 1.000000
vt 0.375000 0.100000
vt 0.625000 0.031250
vt 0.625000 0.187500
vt 0.125000 0.700000
vt 0.375000 0.700000
vt 0.125000 0.750000
vt 0.375000 0.550000
vt 0.375000 0.650000
vt 0.375000 0.600000
vt 0.625000 0.250000
vt 0.375000 0.500000
vt 0.375000 0.250000
vt 0.625000 0.583333
vt 0.875000 0.625000
vt 0.625000 0.611111
vt 0.875000 0.687500
vt 0.625000 0.638889
vt 0.875000 0.500000
vt 0.625000 0.500000
vt 0.875000 0.718750
vt 0.125000 0.600000
vt 0.125000 0.650000
vt 0.125000 0.500000
vt 0.125000 0.550000
vt 0.875000 0.562500
vt 0.375000 0.050000
vt 0.375000 0.000000
vt 0.625000 0.000000
vt 0.625000 0.062500
vt 0.625000 0.125000
vt 0.375000 0.150000
vt 0.375000 0.200000
vn -0.0014 0.9998 0.0208
vn 0.9979 0.0024 0.0648
vn -0.0648 0.0000 0.9979
vn -0.0122 -0.9998 -0.0154
vn -0.0625 -0.0028 0.9980
vn -0.9979 0.0000 -0.0648
vn -0.6651 0.7466 -0.0153
vn 0.0106 0.9999 0.0132
vn -0.0014 0.9998 0.0210
vn 0.2047 0.9783 0.0312
vn -0.2422 -0.9685 -0.0571
vn 0.4423 -0.8968 0.0126
vn 0.0648 0.0006 -0.9979
vn 0.0217 0.9996 0.0156
vn 0.9978 0.0000 0.0665
vn -0.9735 0.2251 -0.0408
vn -0.0129 0.9996 0.0262
vn 0.0137 0.9995 0.0269
vn 0.5298 0.8465 0.0535
vn -0.0944 -0.0586 0.9938
vn -0.0654 0.0081 0.9978
vn 0.0633 0.0000 -0.9980
vn 0.0648 0.0000 -0.9979
vn 0.0655 0.0000 -0.9979
usemtl hearcolor
s off
f 74/111/52 71/112/52 67/113/52
f 68/114/53 71/115/53 72/116/53
f 83/117/54 80/118/54 79/119/54
f 84/120/55 85/121/55 68/114/55 72/122/55
f 88/123/56 86/124/56 87/125/56
f 69/126/57 66/127/57 70/128/57
f 73/129/58 78/130/58 75/131/58
f 75/131/59 77/132/59 76/133/59
f 69/134/60 73/129/60 65/135/60
f 76/133/61 80/136/61 74/111/61
f 82/137/62 87/125/62 86/124/62 85/121/62 84/120/62 83/138/62
f 70/139/63 66/127/63 88/123/63 87/125/63 82/137/63 81/140/63
f 73/129/64 76/133/64 88/123/64
f 74/111/65 80/136/65 71/112/65
f 68/114/66 67/113/66 71/115/66
f 73/129/67 79/141/67 78/130/67
f 75/131/68 78/130/68 77/132/68
f 69/134/69 79/141/69 73/129/69
f 76/133/70 77/132/70 80/136/70
f 84/142/71 72/143/71 83/117/71
f 72/143/54 71/144/54 83/117/54
f 80/118/54 77/145/54 79/119/54
f 77/145/54 78/146/54 79/119/54
f 71/144/54 80/118/54 83/117/54
f 79/119/54 69/126/54 82/147/54
f 69/126/54 70/128/54 82/147/54
f 70/128/54 81/148/54 82/147/54
f 82/147/54 83/117/54 79/119/54
f 88/123/72 85/121/72 86/124/72
f 88/123/73 66/127/73 65/135/73
f 73/129/74 75/131/74 76/133/74
f 88/123/64 65/135/64 73/129/64
f 68/114/74 85/121/74 74/111/74
f 85/121/75 88/123/75 76/133/75
f 85/121/74 76/133/74 74/111/74
f 74/111/74 67/113/74 68/114/74
f 69/126/57 65/135/57 66/127/57
o LeftEye_立方体
v 0.589182 4.819818 0.775049
v 0.589182 4.937329 0.775049
v 0.293663 4.819818 0.755866
v 0.293663 4.937329 0.755866
v 0.593694 4.819818 0.705546
v 0.593694 4.937329 0.705546
v 0.298174 4.819818 0.686363
v 0.298174 4.937329 0.686363
vt 0.625000 0.000000
vt 0.375000 0.250000
vt 0.375000 0.000000
vt 0.625000 0.250000
vt 0.375000 0.500000
vt 0.625000 0.500000
vt 0.375000 0.750000
vt 0.625000 0.750000
vt 0.375000 1.000000
vt 0.125000 0.750000
vt 0.125000 0.500000
vt 0.875000 0.500000
vt 0.625000 1.000000
vt 0.875000 0.750000
vn -0.0648 0.0000 0.9979
vn -0.9979 0.0000 -0.0648
vn 0.0648 0.0000 -0.9979
vn 0.9979 0.0000 0.0648
vn 0.0000 -1.0000 0.0000
vn 0.0000 1.0000 0.0000
usemtl Eyecolor
s off
f 90/149/76 91/150/76 89/151/76
f 92/152/77 95/153/77 91/150/77
f 96/154/78 93/155/78 95/153/78
f 94/156/79 89/157/79 93/155/79
f 95/153/80 89/158/80 91/159/80
f 92/160/81 94/156/81 96/154/81
f 90/149/76 92/152/76 91/150/76
f 92/152/77 96/154/77 95/153/77
f 96/154/78 94/156/78 93/155/78
f 94/156/79 90/161/79 89/157/79
f 95/153/80 93/155/80 89/158/80
f 92/160/81 90/162/81 94/156/81
o RightEye_立方体.001
v -0.081572 4.819818 0.731509
v -0.081572 4.937329 0.731509
v -0.377091 4.819818 0.712326
v -0.377091 4.937329 0.712326
v -0.077060 4.819818 0.662005
v -0.077060 4.937329 0.662005
v -0.372580 4.819818 0.642822
v -0.372580 4.937329 0.642822
vt 0.625000 0.000000
vt 0.375000 0.250000
vt 0.375000 0.000000
vt 0.625000 0.250000
vt 0.375000 0.500000
vt 0.625000 0.500000
vt 0.375000 0.750000
vt 0.625000 0.750000
vt 0.375000 1.000000
vt 0.125000 0.750000
vt 0.125000 0.500000
vt 0.875000 0.500000
vt 0.625000 1.000000
vt 0.875000 0.750000
vn -0.0648 0.0000 0.9979
vn -0.9979 0.0000 -0.0648
vn 0.0648 0.0000 -0.9979
vn 0.9979 0.0000 0.0648
vn 0.0000 -1.0000 0.0000
vn 0.0000 1.0000 0.0000
usemtl Eyecolor
s off
f 98/163/82 99/164/82 97/165/82
f 100/166/83 103/167/83 99/164/83
f 104/168/84 101/169/84 103/167/84
f 102/170/85 97/171/85 101/169/85
f 103/167/86 97/172/86 99/173/86
f 100/174/87 102/170/87 104/168/87
f 98/163/82 100/166/82 99/164/82
f 100/166/83 104/168/83 103/167/83
f 104/168/84 102/170/84 101/169/84
f 102/170/85 98/175/85 97/171/85
f 103/167/86 101/169/86 97/172/86
f 100/174/87 98/176/87 102/170/87
o Nose_立方体.002
v 0.267385 4.680256 0.754161
v 0.267385 4.797768 0.754161
v -0.028135 4.680256 0.734978
v -0.028135 4.797768 0.734978
v 0.271896 4.680256 0.684657
v 0.271896 4.797768 0.684657
v -0.023623 4.680256 0.665474
v -0.023623 4.797768 0.665474
vt 0.625000 0.000000
vt 0.375000 0.250000
vt 0.375000 0.000000
vt 0.625000 0.250000
vt 0.375000 0.500000
vt 0.625000 0.500000
vt 0.375000 0.750000
vt 0.625000 0.750000
vt 0.375000 1.000000
vt 0.125000 0.750000
vt 0.125000 0.500000
vt 0.875000 0.500000
vt 0.625000 1.000000
vt 0.875000 0.750000
vn -0.0648 0.0000 0.9979
vn -0.9979 0.0000 -0.0648
vn 0.0648 0.0000 -0.9979
vn 0.9979 0.0000 0.0648
vn 0.0000 -1.0000 0.0000
vn 0.0000 1.0000 0.0000
usemtl noseclor
s off
f 106/177/88 107/178/88 105/179/88
f 108/180/89 111/181/89 107/178/89
f 112/182/90 109/183/90 111/181/90
f 110/184/91 105/185/91 109/183/91
f 111/181/92 105/186/92 107/187/92
f 108/188/93 110/184/93 112/182/93
f 106/177/88 108/180/88 107/178/88
f 108/180/89 112/182/89 111/181/89
f 112/182/90 110/184/90 109/183/90
f 110/184/91 106/189/91 105/185/91
f 111/181/92 109/183/92 105/186/92
f 108/188/93 106/190/93 110/184/93
o Mouse_立方体.004
v 0.486106 4.364067 0.768358
v 0.486106 4.626904 0.768358
v -0.207484 4.364067 0.723336
v -0.207484 4.638215 0.723336
v 0.490618 4.364067 0.698855
v 0.490618 4.631229 0.698855
v -0.202972 4.364067 0.653832
v -0.202972 4.635693 0.653832
v 0.312709 4.626904 0.757103
v -0.036078 4.489645 0.734462
v -0.062131 4.634430 0.733556
v 0.301932 4.491955 0.756403
v -0.055350 4.641665 0.663415
v -0.033481 4.481579 0.664834
v 0.295445 4.481579 0.686185
v 0.309193 4.631229 0.687078
vt 0.375000 0.000000
vt 0.625000 0.125000
vt 0.375000 0.250000
vt 0.625000 0.250000
vt 0.625000 0.500000
vt 0.375000 0.500000
vt 0.625000 0.550000
vt 0.625000 0.600000
vt 0.625000 0.650000
vt 0.625000 0.700000
vt 0.625000 0.750000
vt 0.375000 0.750000
vt 0.625000 1.000000
vt 0.375000 1.000000
vt 0.125000 0.500000
vt 0.125000 0.750000
vt 0.875000 0.687500
vt 0.875000 0.750000
vt 0.875000 0.500000
vt 0.875000 0.562500
vt 0.875000 0.625000
vt 0.875000 0.656250
vt 0.625000 0.000000
vt 0.625000 0.093750
vt 0.625000 0.062500
vt 0.625000 0.187500
vn -0.0648 0.0000 0.9979
vn -0.9979 0.0000 -0.0648
vn 0.0648 0.0000 -0.9979
vn 0.9979 0.0000 0.0648
vn 0.0000 -1.0000 0.0000
vn -0.0040 0.9981 0.0618
vn -0.0097 0.9994 0.0329
vn 0.9857 0.1554 0.0652
vn 0.0051 0.9914 -0.1309
vn -0.9941 0.0853 0.0672
vn -0.0703 -0.0064 0.9975
usemtl mousecolor
s off
f 113/191/94 122/192/94 115/193/94
f 115/193/95 116/194/95 120/195/95 119/196/95
f 119/196/96 120/195/96 125/197/96 126/198/96 127/199/96 128/200/96 118/201/96 117/202/96
f 117/202/97 118/201/97 114/203/97 113/204/97
f 115/205/98 119/196/98 117/202/98 113/206/98
f 128/200/99 121/207/99 114/208/99 118/201/99
f 120/195/100 116/209/100 123/210/100 125/197/100
f 125/197/101 123/210/101 122/211/101 126/198/101
f 126/198/102 122/211/102 124/212/102 127/199/102
f 127/199/103 124/212/103 121/207/103 128/200/103
f 113/191/94 114/213/94 124/214/94
f 114/213/94 121/215/94 124/214/94
f 123/216/104 116/194/104 122/192/104
f 116/194/94 115/193/94 122/192/94
f 113/191/94 124/214/94 122/192/94
o RightShoose_Cube.008
v -0.911809 0.427013 -0.436319
v -0.911809 -0.143055 -0.436319
v -0.110067 0.427013 -0.384276
v -0.110067 -0.143055 -0.384276
v -0.994129 0.427013 0.831850
v -0.994129 -0.143055 0.831850
v -0.192387 0.427013 0.883893
v -0.192387 -0.143055 0.883893
vt 0.875000 0.500000
vt 0.625000 0.750000
vt 0.625000 0.500000
vt 0.375000 1.000000
vt 0.375000 0.750000
vt 0.625000 0.000000
vt 0.375000 0.250000
vt 0.375000 0.000000
vt 0.375000 0.500000
vt 0.125000 0.750000
vt 0.125000 0.500000
vt 0.625000 0.250000
vt 0.875000 0.750000
vt 0.625000 1.000000
vn 0.0000 1.0000 0.0000
vn 0.9979 0.0000 0.0648
vn -0.0648 0.0000 0.9979
vn 0.0000 -1.0000 0.0000
vn 0.0648 0.0000 -0.9979
vn -0.9979 0.0000 -0.0648
usemtl Shoosecolor
s off
f 133/217/105 131/218/105 129/219/105
f 131/218/106 136/220/106 132/221/106
f 135/222/107 134/223/107 136/224/107
f 130/225/108 136/226/108 134/227/108
f 129/219/109 132/221/109 130/225/109
f 133/228/110 130/225/110 134/223/110
f 133/217/105 135/229/105 131/218/105
f 131/218/106 135/230/106 136/220/106
f 135/222/107 133/228/107 134/223/107
f 130/225/108 132/221/108 136/226/108
f 129/219/109 131/218/109 132/221/109
f 133/228/110 129/219/110 130/225/110
