# Blender v2.92.0 OBJ File: 'Spiderver1.blend'
# www.blender.org
mtllib Spiderss.mtl
o face_Cube
v 1.295434 1.000000 1.739621
v 1.295434 -1.000000 1.739621
v -0.704488 1.000000 1.757313
v -0.704488 -1.000000 1.757313
v 1.277742 1.000000 -0.260301
v 1.277742 -1.000000 -0.260301
v -0.722180 1.000000 -0.242609
v -0.722180 -1.000000 -0.242609
vt 0.875000 0.500000
vt 0.625000 0.750000
vt 0.625000 0.500000
vt 0.375000 1.000000
vt 0.375000 0.750000
vt 0.625000 0.000000
vt 0.375000 0.250000
vt 0.375000 0.000000
vt 0.375000 0.500000
vt 0.125000 0.750000
vt 0.125000 0.500000
vt 0.625000 0.250000
vt 0.875000 0.750000
vt 0.625000 1.000000
vn 0.0000 1.0000 0.0000
vn -1.0000 0.0000 0.0088
vn -0.0088 0.0000 -1.0000
vn 0.0000 -1.0000 0.0000
vn 0.0088 0.0000 1.0000
vn 1.0000 0.0000 -0.0088
usemtl Nolmalcolor
s off
f 5/1/1 3/2/1 1/3/1
f 3/2/2 8/4/2 4/5/2
f 7/6/3 6/7/3 8/8/3
f 2/9/4 8/10/4 6/11/4
f 1/3/5 4/5/5 2/9/5
f 5/12/6 2/9/6 6/7/6
f 5/1/1 7/13/1 3/2/1
f 3/2/2 7/14/2 8/4/2
f 7/6/3 5/12/3 6/7/3
f 2/9/4 4/5/4 8/10/4
f 1/3/5 3/2/5 4/5/5
f 5/12/6 1/3/6 2/9/6
o middle_Cube.001
v 1.278384 0.562933 -0.187723
v 1.278384 -0.562933 -0.187723
v -0.721538 0.562933 -0.170031
v -0.721538 -0.562933 -0.170031
v 1.266617 0.562933 -1.517956
v 1.266617 -0.562933 -1.517956
v -0.733305 0.562933 -1.500264
v -0.733305 -0.562933 -1.500264
vt 0.875000 0.500000
vt 0.625000 0.750000
vt 0.625000 0.500000
vt 0.375000 1.000000
vt 0.375000 0.750000
vt 0.625000 0.000000
vt 0.375000 0.250000
vt 0.375000 0.000000
vt 0.375000 0.500000
vt 0.125000 0.750000
vt 0.125000 0.500000
vt 0.625000 0.250000
vt 0.875000 0.750000
vt 0.625000 1.000000
vn 0.0000 1.0000 0.0000
vn -1.0000 0.0000 0.0088
vn -0.0088 0.0000 -1.0000
vn 0.0000 -1.0000 0.0000
vn 0.0088 0.0000 1.0000
vn 1.0000 0.0000 -0.0088
usemtl Nolmalcolor
s off
f 13/15/7 11/16/7 9/17/7
f 11/16/8 16/18/8 12/19/8
f 15/20/9 14/21/9 16/22/9
f 10/23/10 16/24/10 14/25/10
f 9/17/11 12/19/11 10/23/11
f 13/26/12 10/23/12 14/21/12
f 13/15/7 15/27/7 11/16/7
f 11/16/8 15/28/8 16/18/8
f 15/20/9 13/26/9 14/21/9
f 10/23/10 12/19/10 16/24/10
f 9/17/11 11/16/11 12/19/11
f 13/26/12 9/17/12 10/23/12
o back_Cube.002
v 1.267102 1.000000 -1.463108
v 1.267102 -1.000000 -1.463108
v -0.732820 1.000000 -1.445417
v -0.732820 -1.000000 -1.445417
v 1.244889 1.000000 -3.974041
v 1.244889 -1.000000 -3.974041
v -0.755032 1.000000 -3.956349
v -0.755032 -1.000000 -3.956349
vt 0.875000 0.500000
vt 0.625000 0.750000
vt 0.625000 0.500000
vt 0.375000 1.000000
vt 0.375000 0.750000
vt 0.625000 0.000000
vt 0.375000 0.250000
vt 0.375000 0.000000
vt 0.375000 0.500000
vt 0.125000 0.750000
vt 0.125000 0.500000
vt 0.625000 0.250000
vt 0.875000 0.750000
vt 0.625000 1.000000
vn 0.0000 1.0000 0.0000
vn -1.0000 0.0000 0.0088
vn -0.0088 0.0000 -1.0000
vn 0.0000 -1.0000 0.0000
vn 0.0088 0.0000 1.0000
vn 1.0000 0.0000 -0.0088
usemtl Nolmalcolor
s off
f 21/29/13 19/30/13 17/31/13
f 19/30/14 24/32/14 20/33/14
f 23/34/15 22/35/15 24/36/15
f 18/37/16 24/38/16 22/39/16
f 17/31/17 20/33/17 18/37/17
f 21/40/18 18/37/18 22/35/18
f 21/29/13 23/41/13 19/30/13
f 19/30/14 23/42/14 24/32/14
f 23/34/15 21/40/15 22/35/15
f 18/37/16 20/33/16 24/38/16
f 17/31/17 19/30/17 20/33/17
f 21/40/18 17/31/18 18/37/18
o Rightmiddle_Cube.003
v -0.489770 0.202886 -0.808304
v -1.217253 -0.789709 -0.715487
v -0.670276 0.339614 -0.760895
v -1.397759 -0.652981 -0.668079
v -0.530453 0.214961 -0.998029
v -1.257936 -0.777633 -0.905212
v -0.710959 0.351689 -0.950620
v -1.438442 -0.640905 -0.857804
vt 0.875000 0.500000
vt 0.625000 0.750000
vt 0.625000 0.500000
vt 0.375000 1.000000
vt 0.375000 0.750000
vt 0.625000 0.000000
vt 0.375000 0.250000
vt 0.375000 0.000000
vt 0.375000 0.500000
vt 0.125000 0.750000
vt 0.125000 0.500000
vt 0.625000 0.250000
vt 0.875000 0.750000
vt 0.625000 1.000000
vn 0.5895 0.8043 -0.0752
vn -0.7802 0.5910 0.2049
vn -0.2093 0.0621 -0.9759
vn -0.5895 -0.8043 0.0752
vn 0.2093 -0.0621 0.9759
vn 0.7802 -0.5910 -0.2049
usemtl Nolmalcolor
s off
f 29/43/19 27/44/19 25/45/19
f 27/44/20 32/46/20 28/47/20
f 31/48/21 30/49/21 32/50/21
f 26/51/22 32/52/22 30/53/22
f 25/45/23 28/47/23 26/51/23
f 29/54/24 26/51/24 30/49/24
f 29/43/19 31/55/19 27/44/19
f 27/44/20 31/56/20 32/46/20
f 31/48/21 29/54/21 30/49/21
f 26/51/22 28/47/22 32/52/22
f 25/45/23 27/44/23 28/47/23
f 29/54/24 25/45/24 26/51/24
o Rightindex.001_Cube.004
v -0.494401 0.189789 -0.873428
v -1.158614 -0.855524 -0.077172
v -0.596053 0.397356 -0.685732
v -1.260267 -0.647956 0.110524
v -0.660950 0.209937 -0.985909
v -1.325164 -0.835376 -0.189652
v -0.762602 0.417504 -0.798213
v -1.426816 -0.627808 -0.001956
vt 0.875000 0.500000
vt 0.625000 0.750000
vt 0.625000 0.500000
vt 0.375000 1.000000
vt 0.375000 0.750000
vt 0.625000 0.000000
vt 0.375000 0.250000
vt 0.375000 0.000000
vt 0.375000 0.500000
vt 0.125000 0.750000
vt 0.125000 0.500000
vt 0.625000 0.250000
vt 0.875000 0.750000
vt 0.625000 1.000000
vn 0.4511 0.7100 -0.5408
vn -0.3414 0.6972 0.6304
vn -0.8246 0.0998 -0.5569
vn -0.4511 -0.7100 0.5408
vn 0.8246 -0.0998 0.5569
vn 0.3414 -0.6972 -0.6304
usemtl Nolmalcolor
s off
f 37/57/25 35/58/25 33/59/25
f 35/58/26 40/60/26 36/61/26
f 39/62/27 38/63/27 40/64/27
f 34/65/28 40/66/28 38/67/28
f 33/59/29 36/61/29 34/65/29
f 37/68/30 34/65/30 38/63/30
f 37/57/25 39/69/25 35/58/25
f 35/58/26 39/70/26 40/60/26
f 39/62/27 37/68/27 38/63/27
f 34/65/28 36/61/28 40/66/28
f 33/59/29 35/58/29 36/61/29
f 37/68/30 33/59/30 34/65/30
o Rightring_Cube.005
v -0.419217 0.125370 -0.697717
v -1.427806 -0.720826 -1.003045
v -0.562823 0.315122 -0.749230
v -1.571412 -0.531074 -1.054558
v -0.359198 0.120577 -0.882693
v -1.367787 -0.725619 -1.188021
v -0.502804 0.310329 -0.934206
v -1.511393 -0.535867 -1.239533
vt 0.875000 0.500000
vt 0.625000 0.750000
vt 0.625000 0.500000
vt 0.375000 1.000000
vt 0.375000 0.750000
vt 0.625000 0.000000
vt 0.375000 0.250000
vt 0.375000 0.000000
vt 0.375000 0.500000
vt 0.125000 0.750000
vt 0.125000 0.500000
vt 0.625000 0.250000
vt 0.875000 0.750000
vt 0.625000 1.000000
vn 0.7463 0.6261 0.2259
vn -0.5898 0.7793 -0.2116
vn 0.3085 -0.0246 -0.9509
vn -0.7463 -0.6261 -0.2259
vn -0.3085 0.0246 0.9509
vn 0.5898 -0.7793 0.2116
usemtl Nolmalcolor
s off
f 45/71/31 43/72/31 41/73/31
f 43/72/32 48/74/32 44/75/32
f 47/76/33 46/77/33 48/78/33
f 42/79/34 48/80/34 46/81/34
f 41/73/35 44/75/35 42/79/35
f 45/82/36 42/79/36 46/77/36
f 45/71/31 47/83/31 43/72/31
f 43/72/32 47/84/32 48/74/32
f 47/76/33 45/82/33 46/77/33
f 42/79/34 44/75/34 48/80/34
f 41/73/35 43/72/35 44/75/35
f 45/82/36 41/73/36 42/79/36
o Rightpinkie_Cube.006
v -0.686623 0.184012 -0.723980
v -1.255696 -0.861300 -1.590790
v -0.836714 0.391580 -0.875755
v -1.405787 -0.653733 -1.742566
v -0.530627 0.204160 -0.850691
v -1.099699 -0.841152 -1.717501
v -0.680717 0.411728 -1.002466
v -1.249790 -0.633585 -1.869276
vt 0.875000 0.500000
vt 0.625000 0.750000
vt 0.625000 0.500000
vt 0.375000 1.000000
vt 0.375000 0.750000
vt 0.625000 0.000000
vt 0.375000 0.250000
vt 0.375000 0.000000
vt 0.375000 0.500000
vt 0.125000 0.750000
vt 0.125000 0.500000
vt 0.625000 0.250000
vt 0.875000 0.750000
vt 0.625000 1.000000
vn 0.3865 0.7100 0.5887
vn -0.5041 0.6972 -0.5098
vn 0.7723 0.0998 -0.6273
vn -0.3865 -0.7100 -0.5887
vn -0.7723 -0.0998 0.6273
vn 0.5041 -0.6972 0.5098
usemtl Nolmalcolor
s off
f 53/85/37 51/86/37 49/87/37
f 51/86/38 56/88/38 52/89/38
f 55/90/39 54/91/39 56/92/39
f 50/93/40 56/94/40 54/95/40
f 49/87/41 52/89/41 50/93/41
f 53/96/42 50/93/42 54/91/42
f 53/85/37 55/97/37 51/86/37
f 51/86/38 55/98/38 56/88/38
f 55/90/39 53/96/39 54/91/39
f 50/93/40 52/89/40 56/94/40
f 49/87/41 51/86/41 52/89/41
f 53/96/42 49/87/42 50/93/42
o Keftindex_Cube.010
v 1.100807 0.314854 -0.887540
v 2.025031 -0.522910 -0.105335
v 0.880461 0.247996 -0.698794
v 1.804685 -0.589768 0.083411
v 1.052047 0.155068 -1.001062
v 1.976271 -0.682696 -0.218858
v 0.831702 0.088210 -0.812316
v 1.755925 -0.749554 -0.030112
vt 0.875000 0.500000
vt 0.625000 0.750000
vt 0.625000 0.500000
vt 0.375000 1.000000
vt 0.375000 0.750000
vt 0.625000 0.000000
vt 0.375000 0.250000
vt 0.375000 0.000000
vt 0.375000 0.500000
vt 0.125000 0.750000
vt 0.125000 0.500000
vt 0.625000 0.250000
vt 0.875000 0.750000
vt 0.625000 1.000000
vn -0.6277 0.5690 -0.5313
vn -0.7401 -0.2246 0.6339
vn -0.2414 -0.7911 -0.5620
vn 0.6277 -0.5690 0.5313
vn 0.2414 0.7911 0.5620
vn 0.7401 0.2246 -0.6339
usemtl Nolmalcolor
s off
f 61/99/43 59/100/43 57/101/43
f 59/100/44 64/102/44 60/103/44
f 63/104/45 62/105/45 64/106/45
f 58/107/46 64/108/46 62/109/46
f 57/101/47 60/103/47 58/107/47
f 61/110/48 58/107/48 62/105/48
f 61/99/43 63/111/43 59/100/43
f 59/100/44 63/112/44 64/102/44
f 63/104/45 61/110/45 62/105/45
f 58/107/46 60/103/46 64/108/46
f 57/101/47 59/100/47 60/103/47
f 61/110/48 57/101/48 58/107/48
o Leftmiddle_Cube.009
v 1.089157 0.321057 -0.822272
v 1.945581 -0.564053 -0.743466
v 0.924312 0.165763 -0.775002
v 1.780735 -0.719347 -0.696197
v 1.069002 0.284647 -1.012178
v 1.925425 -0.600463 -0.933373
v 0.904157 0.129353 -0.964908
v 1.760580 -0.755757 -0.886103
vt 0.875000 0.500000
vt 0.625000 0.750000
vt 0.625000 0.500000
vt 0.375000 1.000000
vt 0.375000 0.750000
vt 0.625000 0.000000
vt 0.375000 0.250000
vt 0.375000 0.000000
vt 0.375000 0.500000
vt 0.125000 0.750000
vt 0.125000 0.500000
vt 0.625000 0.250000
vt 0.875000 0.750000
vt 0.625000 1.000000
vn -0.6939 0.7172 -0.0639
vn -0.7125 -0.6712 0.2043
vn -0.1037 -0.1873 -0.9768
vn 0.6939 -0.7172 0.0639
vn 0.1037 0.1873 0.9768
vn 0.7125 0.6712 -0.2043
usemtl Nolmalcolor
s off
f 69/113/49 67/114/49 65/115/49
f 67/114/50 72/116/50 68/117/50
f 71/118/51 70/119/51 72/120/51
f 66/121/52 72/122/52 70/123/52
f 65/115/53 68/117/53 66/121/53
f 69/124/54 66/121/54 70/119/54
f 69/113/49 71/125/49 67/114/49
f 67/114/50 71/126/50 72/116/50
f 71/118/51 69/124/51 70/119/51
f 66/121/52 68/117/52 72/122/52
f 65/115/53 67/114/53 68/117/53
f 69/124/54 65/115/54 66/121/54
o Leftpinkie_Cube.008
v 1.075199 0.123111 -0.739566
v 2.003227 -0.606375 -1.619619
v 0.844192 0.011469 -0.890625
v 1.772220 -0.718017 -1.770679
v 1.080702 0.281371 -0.864945
v 2.008731 -0.448116 -1.744999
v 0.849695 0.169729 -1.016004
v 1.777724 -0.559757 -1.896058
vt 0.875000 0.500000
vt 0.625000 0.750000
vt 0.625000 0.500000
vt 0.375000 1.000000
vt 0.375000 0.750000
vt 0.625000 0.000000
vt 0.375000 0.250000
vt 0.375000 0.000000
vt 0.375000 0.500000
vt 0.125000 0.750000
vt 0.125000 0.500000
vt 0.625000 0.250000
vt 0.875000 0.750000
vt 0.625000 1.000000
vn -0.6303 0.4954 0.5977
vn -0.7759 -0.3750 -0.5074
vn 0.0272 0.7835 -0.6207
vn 0.6303 -0.4954 -0.5977
vn -0.0272 -0.7835 0.6207
vn 0.7759 0.3750 0.5074
usemtl Nolmalcolor
s off
f 77/127/55 75/128/55 73/129/55
f 75/128/56 80/130/56 76/131/56
f 79/132/57 78/133/57 80/134/57
f 74/135/58 80/136/58 78/137/58
f 73/129/59 76/131/59 74/135/59
f 77/138/60 74/135/60 78/133/60
f 77/127/55 79/139/55 75/128/55
f 75/128/56 79/140/56 80/130/56
f 79/132/57 77/138/57 78/133/57
f 74/135/58 76/131/58 80/136/58
f 73/129/59 75/128/59 76/131/59
f 77/138/60 73/129/60 74/135/60
o Leftring_Cube.007
v 1.008294 0.276350 -0.710345
v 1.985565 -0.599553 -1.033240
v 0.840262 0.107780 -0.761642
v 1.817532 -0.768122 -1.084537
v 1.002679 0.338060 -0.894741
v 1.979949 -0.537843 -1.217636
v 0.834646 0.169490 -0.946037
v 1.811916 -0.706412 -1.268932
vt 0.875000 0.500000
vt 0.625000 0.750000
vt 0.625000 0.500000
vt 0.375000 1.000000
vt 0.375000 0.750000
vt 0.625000 0.000000
vt 0.375000 0.250000
vt 0.375000 0.000000
vt 0.375000 0.500000
vt 0.125000 0.750000
vt 0.125000 0.500000
vt 0.625000 0.250000
vt 0.875000 0.750000
vt 0.625000 1.000000
vn -0.7231 0.6481 0.2389
vn -0.6901 -0.6923 -0.2107
vn -0.0289 0.3172 -0.9479
vn 0.7231 -0.6481 -0.2389
vn 0.0289 -0.3172 0.9479
vn 0.6901 0.6923 0.2107
usemtl Nolmalcolor
s off
f 85/141/61 83/142/61 81/143/61
f 83/142/62 88/144/62 84/145/62
f 87/146/63 86/147/63 88/148/63
f 82/149/64 88/150/64 86/151/64
f 81/143/65 84/145/65 82/149/65
f 85/152/66 82/149/66 86/147/66
f 85/141/61 87/153/61 83/142/61
f 83/142/62 87/154/62 88/144/62
f 87/146/63 85/152/63 86/147/63
f 82/149/64 84/145/64 88/150/64
f 81/143/65 83/142/65 84/145/65
f 85/152/66 81/143/66 82/149/66
o LeftUpper_平面
v -0.250664 0.740755 1.793598
v -0.250631 1.002718 1.797419
v -0.474727 0.740755 1.795580
v -0.474693 1.002718 1.799401
vt 1.000000 0.000000
vt 0.000000 1.000000
vt 0.000000 0.000000
vt 1.000000 1.000000
vn 0.0088 -0.0146 0.9999
usemtl eyeycolor
s off
f 90/155/67 91/156/67 89/157/67
f 90/155/67 92/158/67 91/156/67
o LeftUpperdown_平面.001
v -0.133203 0.473929 1.787253
v -0.133169 0.735893 1.791074
v -0.357265 0.473929 1.789235
v -0.357231 0.735893 1.793056
vt 1.000000 0.000000
vt 0.000000 1.000000
vt 0.000000 0.000000
vt 1.000000 1.000000
vn 0.0088 -0.0146 0.9999
usemtl eyeyuppercolor
s off
f 94/159/68 95/160/68 93/161/68
f 94/159/68 96/162/68 95/160/68
o Lefteye_平面.002
v -0.467181 -0.050454 1.786933
v -0.467141 0.253313 1.791363
v -0.704996 -0.050454 1.789037
v -0.704957 0.253313 1.793467
vt 1.000000 0.000000
vt 0.000000 1.000000
vt 0.000000 0.000000
vt 1.000000 1.000000
vn 0.0088 -0.0146 0.9999
usemtl eyeyLeftcolor
s off
f 98/163/69 99/164/69 97/165/69
f 98/163/69 100/166/69 99/164/69
o Leftmiddolel_平面.003
v 0.316461 -0.472128 1.785574
v 0.316507 -0.115109 1.790781
v -0.140823 -0.472128 1.789619
v -0.140777 -0.115109 1.794826
vt 1.000000 0.000000
vt 0.000000 1.000000
vt 0.000000 0.000000
vt 1.000000 1.000000
vn 0.0088 -0.0146 0.9999
usemtl eyeymiddlecolor
s off
f 102/167/70 103/168/70 101/169/70
f 102/167/70 104/170/70 103/168/70
o Leftmiddler_平面.004
v 0.782737 -0.472128 1.785574
v 0.782783 -0.115109 1.790781
v 0.325453 -0.472128 1.789619
v 0.325499 -0.115109 1.794826
vt 1.000000 0.000000
vt 0.000000 1.000000
vt 0.000000 0.000000
vt 1.000000 1.000000
vn 0.0088 -0.0146 0.9999
usemtl eyeyLeftmiddlecolor
s off
f 106/171/71 107/172/71 105/173/71
f 106/171/71 108/174/71 107/172/71
o Leftlipperdown_平面.005
v 0.846172 0.442618 1.786695
v 0.846207 0.714259 1.790657
v 0.501623 0.442618 1.789743
v 0.501658 0.714259 1.793705
vt 1.000000 0.000000
vt 0.000000 1.000000
vt 0.000000 0.000000
vt 1.000000 1.000000
vn 0.0088 -0.0146 0.9999
usemtl eyeyRighruppercolor
s off
f 110/175/72 111/176/72 109/177/72
f 110/175/72 112/178/72 111/176/72
o Leftrupper_平面.006
v 1.077435 0.717378 1.786695
v 1.077470 0.989019 1.790657
v 0.732886 0.717378 1.789743
v 0.732921 0.989019 1.793705
vt 1.000000 0.000000
vt 0.000000 1.000000
vt 0.000000 0.000000
vt 1.000000 1.000000
vn 0.0088 -0.0146 0.9999
usemtl eyeyRightUppercolor
s off
f 114/179/73 115/180/73 113/181/73
f 114/179/73 116/182/73 115/180/73
o Righteye_平面.007
v 1.275597 -0.079428 1.786776
v 1.275640 0.258590 1.791706
v 1.058750 -0.079428 1.788694
v 1.058793 0.258590 1.793624
vt 1.000000 0.000000
vt 0.000000 1.000000
vt 0.000000 0.000000
vt 1.000000 1.000000
vn 0.0088 -0.0146 0.9999
usemtl eyeyRightcolor
s off
f 118/183/74 119/184/74 117/185/74
f 118/183/74 120/186/74 119/184/74
